column,年龄,性别,脑出血前mRS评分,高血压病史,卒中病史,糖尿病史,房颤史,冠心病史,吸烟史,饮酒史,发病到首次影像检查时间间隔,血压高压,血压低压,脑室引流,止血治疗,降颅压治疗,降压治疗,镇静、镇痛治疗,止吐护胃,营养神经,HM_volume,HM_ACA_R_Ratio,HM_MCA_R_Ratio,HM_PCA_R_Ratio,HM_Pons_Medulla_R_Ratio,HM_Cerebellum_R_Ratio,HM_ACA_L_Ratio,HM_MCA_L_Ratio,HM_PCA_L_Ratio,HM_Pons_Medulla_L_Ratio,HM_Cerebellum_L_Ratio,ED_volume,ED_ACA_R_Ratio,ED_MCA_R_Ratio,ED_PCA_R_Ratio,ED_Pons_Medulla_R_Ratio,ED_Cerebellum_R_Ratio,ED_ACA_L_Ratio,ED_MCA_L_Ratio,ED_PCA_L_Ratio,ED_Pons_Medulla_L_Ratio,ED_Cerebellum_L_Ratio,original_shape_Elongation_ed,original_shape_Flatness_ed,original_shape_LeastAxisLength_ed,original_shape_MajorAxisLength_ed,original_shape_Maximum2DDiameterColumn_ed,original_shape_Maximum2DDiameterRow_ed,original_shape_Maximum2DDiameterSlice_ed,original_shape_Maximum3DDiameter_ed,original_shape_MeshVolume_ed,original_shape_MinorAxisLength_ed,original_shape_Sphericity_ed,original_shape_SurfaceArea_ed,original_shape_SurfaceVolumeRatio_ed,original_shape_VoxelVolume_ed,NCCT_original_firstorder_10Percentile_ed,NCCT_original_firstorder_90Percentile_ed,NCCT_original_firstorder_Energy_ed,NCCT_original_firstorder_Entropy_ed,NCCT_original_firstorder_InterquartileRange_ed,NCCT_original_firstorder_Kurtosis_ed,NCCT_original_firstorder_Maximum_ed,NCCT_original_firstorder_MeanAbsoluteDeviation_ed,NCCT_original_firstorder_Mean_ed,NCCT_original_firstorder_Median_ed,NCCT_original_firstorder_Minimum_ed,NCCT_original_firstorder_Range_ed,NCCT_original_firstorder_RobustMeanAbsoluteDeviation_ed,NCCT_original_firstorder_RootMeanSquared_ed,NCCT_original_firstorder_Skewness_ed,NCCT_original_firstorder_Uniformity_ed,NCCT_original_firstorder_Variance_ed,original_shape_Elongation_hm,original_shape_Flatness_hm,original_shape_LeastAxisLength_hm,original_shape_MajorAxisLength_hm,original_shape_Maximum2DDiameterColumn_hm,original_shape_Maximum2DDiameterRow_hm,original_shape_Maximum2DDiameterSlice_hm,original_shape_Maximum3DDiameter_hm,original_shape_MeshVolume_hm,original_shape_MinorAxisLength_hm,original_shape_Sphericity_hm,original_shape_SurfaceArea_hm,original_shape_SurfaceVolumeRatio_hm,original_shape_VoxelVolume_hm,NCCT_original_firstorder_10Percentile_hm,NCCT_original_firstorder_90Percentile_hm,NCCT_original_firstorder_Energy_hm,NCCT_original_firstorder_Entropy_hm,NCCT_original_firstorder_InterquartileRange_hm,NCCT_original_firstorder_Kurtosis_hm,NCCT_original_firstorder_Maximum_hm,NCCT_original_firstorder_MeanAbsoluteDeviation_hm,NCCT_original_firstorder_Mean_hm,NCCT_original_firstorder_Median_hm,NCCT_original_firstorder_Minimum_hm,NCCT_original_firstorder_Range_hm,NCCT_original_firstorder_RobustMeanAbsoluteDeviation_hm,NCCT_original_firstorder_RootMeanSquared_hm,NCCT_original_firstorder_Skewness_hm,NCCT_original_firstorder_Uniformity_hm,NCCT_original_firstorder_Variance_hm
年龄,1.0,0.3381082625735216,0.14879968478723138,0.15964870960872848,0.2517570569826938,0.08887173022356581,0.22218373109554707,0.29690350287276884,0.1317339042418631,0.18342666462977616,0.11285597162895823,0.1479272451604896,0.48091046536326665,0.15360534409832266,0.18801280057651434,0.18552382164193454,0.06756825138818637,0.0956442568271516,0.10262368243641191,0.1131425378855879,0.18285160983064738,0.19499058427207538,0.17351558598560743,0.1345336166383509,0.12143824488730812,0.1206878883134219,0.1406228227826873,0.1077233341493482,0.12750042512578,0.15209105906025097,0.11019272173762401,0.1250591719594795,0.1807968860018696,0.11574531182850938,0.170540874697474,0.11032477035983236,0.10861712708639676,0.13937732646571138,0.09234878549039043,0.10504526460318225,0.13281503327158523,0.12493733334366629,0.11568723611445408,0.10582662367392413,0.12423387894724465,0.10840743662119796,0.13426943357992496,0.1218636026344382,0.11512739038266122,0.11957879119390646,0.13305942544171315,0.12477790369977981,0.14375278193095573,0.1400253433999759,0.12595371572755445,0.13347052116986038,0.13044150388543244,0.11093417477250661,0.1328331351470042,0.1284660208740026,0.20122374224023284,0.12727526915469348,0.13198183339864164,0.19164481122649993,0.12158096393011007,0.12331959400607406,0.10841954835215348,0.12343504857028828,0.19712778749469168,0.11975010193171148,0.181679375782895,0.12785131938949312,0.18908262933847186,0.12993738392126317,0.11159729290683666,0.16909636766707295,0.18558499700709555,0.19568915026191266,0.18977136408310066,0.2136244296429005,0.21486110018891805,0.1753372500401907,0.18998918953060337,0.18164117470809935,0.18535263492626905,0.11434828747902835,0.17539828993506892,0.17242794315248375,0.10618211028835335,0.16389967323949048,0.18079299618855268,0.17301574553311874,0.1555637965599295,0.1403429180723336,0.15527667091201405,0.12899457473532241,0.125948869206364,0.14801139374140362,0.13233266077966044,0.1679475211885356,0.12489328395381499,0.1334349364790147,0.17430288572635097,0.14644244031325626
性别,0.3381082625735216,1.0,0.07915519044097948,0.16351013060003783,0.037513221613195986,0.025904036368685383,0.1159827396511994,0.025512890700427292,0.30848176636535357,0.2658729083711158,0.08676093993357553,0.06688246990576693,0.15085941470488648,0.13284847053787271,0.1343960708268081,0.03078861678665129,0.0023321571717604935,0.023280765897403605,0.05040945928303062,0.0807371014533076,0.13007970423588128,0.04797966452891654,0.041930305932802524,0.06957355485941279,0.07214942069547002,0.09436419484578211,0.09240418102538378,0.054372434297736645,0.07240776516888175,0.043971314864445055,0.046762589908733394,0.12293256037139008,0.1016158836228403,0.04590498016605001,0.06112625194690359,0.07953531588045339,0.030349964094001022,0.07350887373209523,0.030866496445155,0.08365259608051517,0.08612179150693758,0.08320449669982334,0.06638074156242674,0.12630313525543682,0.10848323597679428,0.04936609014304001,0.08886877256075332,0.0641262113674372,0.08295358769433116,0.11104686774916642,0.10222198210424636,0.053314420724966415,0.09397819074556943,0.0948990920804794,0.11526016339510434,0.10190231368538072,0.20889710056509853,0.21052042520820605,0.14998619706983696,0.07699799916497632,0.06410011952751764,0.06326737366188027,0.2187889135224635,0.057616416001191696,0.2132341741158445,0.21240998485201915,0.175357903418947,0.07145498487265037,0.06549155995900477,0.21316680551684192,0.08554182690825216,0.06847094387561059,0.05703676457019008,0.0867440137117076,0.08127105489796538,0.13277794527254955,0.09047771920612295,0.07543910113938403,0.0961011068549544,0.08885320005846402,0.0802846507200284,0.0876675950891274,0.07723012042278275,0.08720968941527268,0.0902738205894244,0.08214871044387084,0.08765972535541665,0.2690757630660771,0.10449374819547949,0.09512129300926488,0.11784886922786245,0.188824690529291,0.1481757474910429,0.10871602920601808,0.17538372719180423,0.16685111062029032,0.15940441584036716,0.25858459880690654,0.07943950904294389,0.1856806456784349,0.15339024624860678,0.058945869931024554,0.10898894496786932,0.17347147379921904
脑出血前mRS评分,0.14879968478723138,0.07915519044097948,1.0,0.10101378946911681,0.5200371911350402,0.011710196705454133,0.05885952109056727,0.08521204920913832,0.03696124374221136,0.06387708337324818,0.1803779917869701,0.18256561747023434,0.1321016772093428,0.04308273628219472,0.12819322602112893,0.13252679158075575,0.062153247263458083,0.0393294050086989,0.08132204147266749,0.15750086158129628,0.11373608646265758,0.08696747150537645,0.08655802337430359,0.08904338309797193,0.07003568814888363,0.0647751039143978,0.07211421320109983,0.09747463522464368,0.12471621813722517,0.08585846943202714,0.0610340867485541,0.19322862312998917,0.10712686338751504,0.11844572401639626,0.07312551852444389,0.04911027902738941,0.04893971287069585,0.07886291334769441,0.1424095981720467,0.10298187652102114,0.08565008174030282,0.04538586752687257,0.14692013807888912,0.1435158722535495,0.2025411538221383,0.11007359575143688,0.16186588457232232,0.20043501332653121,0.09762170319017627,0.12088144036352595,0.1841147303292857,0.15809017943604087,0.20899667718474632,0.20416117053404223,0.26383883490542204,0.18540810470903796,0.18791945956558773,0.12274705904367161,0.19993447282239252,0.2812993463181551,0.12340341890606413,0.1432356676344931,0.17344897869651343,0.11651879975946257,0.1431899529106015,0.13757331032339434,0.1287112280365672,0.14925714491827238,0.12357028960411261,0.13597052028517112,0.1325899836360007,0.2795168887228519,0.1157651985180848,0.10525130004356856,0.07104419438665133,0.0801641191353957,0.0794294916705424,0.09947863953728994,0.08292861383178647,0.11171582047508156,0.10019020463144698,0.11113377765791654,0.09556427332721348,0.08085481103877945,0.09830017609759681,0.14114305534565025,0.11100097216125848,0.10706323773894257,0.09444758153400333,0.1017039839410916,0.07840086769715589,0.15399952452259405,0.07212338543769763,0.10075346552260656,0.15480054274093866,0.09628265756598413,0.09637146771002028,0.09364501575791481,0.11300863148143754,0.1499080529614645,0.09584016892447089,0.12992599436010657,0.06758907667899888,0.15966158273331973
高血压病史,0.15964870960872848,0.16351013060003783,0.10101378946911681,1.0,0.05403763616919046,0.0569539458915294,0.01593979280729463,0.023076341497727398,0.038640580200399004,0.028250340517872254,0.1071267737191427,0.2977925622301129,0.20974426660370146,0.09974025001705085,0.007597174671947872,0.009735557162909504,0.22359089212392744,0.09001726614245016,0.01593979280729463,0.07851823864336799,0.08164387452797345,0.1477352118430341,0.06726769213143999,0.046481453806730424,0.13591149461597318,0.1341241550058262,0.07888528692452582,0.023061043719190388,0.06816995866321231,0.05377397221201266,0.045797776846110146,0.10758937223046977,0.1590432717802571,0.07590844833355205,0.05346952869716738,0.06480033410575961,0.07142649801293229,0.062317107798095066,0.045919999510669926,0.0658106286867428,0.059856044883891624,0.16231201199540254,0.04961714405501863,0.06983358152748877,0.0880176146804155,0.11710482360151764,0.08317199959054881,0.14389780497882837,0.09012304280982192,0.10565067230372761,0.11033538566770476,0.09059228369493931,0.08927373049252904,0.10198465762574212,0.09404924969117572,0.11083149791604804,0.14101814163218887,0.12120848262784902,0.16558787582376444,0.12284550778860759,0.05191472037762241,0.1165863451420311,0.07020243722731377,0.055171291976156285,0.13073069673993767,0.1267931750395793,0.14769778533419564,0.0757050748089053,0.04904297150742616,0.12678845736271394,0.09126027178309891,0.12700256997444678,0.054630114200961415,0.2299803122183025,0.1754292826732407,0.08313122659720622,0.0766237203175286,0.08762604639810233,0.09303376386706975,0.04961364378327204,0.07350499002189158,0.07639282005706963,0.0824334340364829,0.10043890224910186,0.07596500739991992,0.04745633255713342,0.07639820106415655,0.18802476975007565,0.12435050630632048,0.1143418765644913,0.08979527825352795,0.060908953898413006,0.09070489752306928,0.0768414794778992,0.060324756674686286,0.15671912654527093,0.16430224647150377,0.20127353562852324,0.09345056135755454,0.05937438257022955,0.151484034615207,0.12302599050105241,0.08153329029674605,0.06626599327688971
卒中病史,0.2517570569826938,0.037513221613195986,0.5200371911350402,0.05403763616919046,1.0,0.0537887179323724,0.10856356549245416,0.0501604916554858,0.03779644730092232,0.1161293567730711,0.061608313410361666,0.19169972506870792,0.12530114025766498,0.02427363689828679,0.14042421779540307,0.2497109838573863,0.08616812254005936,0.014798448809232326,0.03926767262492924,0.1824791845511469,0.13149195521764093,0.09152404389337164,0.05534208543027277,0.19814137747004285,0.15594969780880674,0.07678744774282577,0.0766430326256964,0.11017829420125114,0.042509625665445264,0.06738279636017738,0.08129282790076604,0.22195741401640673,0.10743168806020073,0.09965793003373336,0.13421385261633403,0.11911154159306957,0.07426051980525304,0.06606215004786474,0.07678241776083025,0.11772140249044369,0.06700936666054508,0.08727427249542365,0.10347492257524867,0.1257343216187067,0.21657762848377546,0.13028204675655566,0.1968538162733893,0.23082723802536997,0.15634821244439073,0.1497899652155274,0.22584662035683012,0.1683471976586931,0.21895588992651957,0.23941484721771278,0.28889114750910655,0.22698833341668803,0.08333356578943689,0.0986659408978759,0.23082256621545136,0.23877104240429872,0.07819314943124336,0.08773365534963341,0.16083972169614738,0.06619841718501254,0.09250510025219674,0.09042837231877708,0.08496525500583288,0.1726609735075203,0.07341391876623359,0.0939467632192807,0.09890155049329019,0.20696084353832406,0.062331091334360204,0.10686057941871524,0.05808789346530142,0.13543418552464537,0.07566521860108318,0.09873602234548061,0.1515589937988941,0.11621955403471737,0.07560258646492057,0.1442029875610612,0.16154402655768457,0.07401489613715123,0.14433109789517726,0.15575649152335083,0.14417501672956426,0.0923546040338311,0.08564558533706762,0.13138722142422393,0.090302687454876,0.059095379878532577,0.14047601699526904,0.06046375892163245,0.06250085968731629,0.0752752597875064,0.07897323903133184,0.08528651443152702,0.08887926916592331,0.06474167909181158,0.07754884179665072,0.12088525584975554,0.08503814005876557,0.052087594685928225
糖尿病史,0.08887173022356581,0.025904036368685383,0.011710196705454133,0.0569539458915294,0.0537887179323724,1.0,0.011389085996808967,0.1034259605852261,0.033883707378587695,0.07086834952913455,0.07891867440329722,0.14760514021659626,0.05877727828976009,0.14814080902032528,0.03537709096253014,0.19540371024829967,0.10932539038948925,0.11541849038133262,0.011389085996808967,0.011389085996808967,0.15555849756748427,0.07241303837948969,0.07310954741571501,0.09208549087255241,0.11000001232997388,0.10855028447355061,0.1797066155220757,0.10469593849729435,0.08054066759443415,0.15047091021835107,0.20628360644405513,0.06247720547980496,0.10876367248608011,0.09277230265786088,0.08791124405214978,0.09151946518560664,0.13130586095675933,0.10503267727889778,0.09609954602460478,0.11860709919379515,0.1029139958604674,0.11815227588496245,0.10909909103032783,0.131812281123457,0.060266097305049816,0.12471921516232427,0.06705209155970496,0.0609218681799324,0.07593144059204146,0.06785607878957874,0.07593185411107793,0.07351914784818135,0.15168701094069006,0.05657846751902679,0.1439633552071077,0.07465827904318342,0.13314157682319933,0.08674541225656338,0.11813618218085184,0.06381855778020865,0.08783599834447868,0.0467567522837513,0.07342974438808825,0.07254721701017455,0.11729402451744322,0.11972051952973,0.10118107201156666,0.08007414254133097,0.08480176927724385,0.11136108102613371,0.10466288741667468,0.0677899828098288,0.06919227859711659,0.20148918669548682,0.17297106502469886,0.125049736211643,0.18536806247196,0.14507237119639965,0.10408142697578916,0.12474395738744724,0.1506993634065746,0.11910860123121501,0.11961136938265209,0.18545614732352292,0.1507214771477869,0.06483840580587096,0.11925685885388845,0.07947076653949058,0.10933629556824531,0.09509143308334375,0.07841804353688044,0.09092879433222269,0.07713806542710987,0.0661682886594377,0.09889110829218162,0.09339415055032695,0.08436036703433289,0.11620603255764692,0.06779233170585669,0.09351881268686453,0.09740144119730582,0.07027928633503706,0.07236509199085228,0.10659638427458125
房颤史,0.22218373109554707,0.1159827396511994,0.05885952109056727,0.01593979280729463,0.10856356549245416,0.011389085996808967,1.0,0.3663229310066466,0.030556616567611723,0.08313914460067333,0.07899846349295483,0.05038273613802662,0.11573545516056466,0.058117444957868324,0.05676312572207664,0.0735662093383195,0.07851823864336799,0.032302359283649246,0.04575163398692522,0.04575163398692522,0.09944550340349131,0.13765937517596558,0.05029836557673418,0.06283504207414256,0.04922299872011273,0.05034982940477605,0.0891073001373688,0.03441755221071381,0.06496142573160116,0.05607948508002771,0.047441928610826814,0.041738485729512914,0.08077475236974689,0.03636112999083413,0.03771262301618886,0.05274373630806314,0.038040945444323564,0.0861816654448992,0.03976667216430416,0.08118471934685602,0.07199177833037945,0.2975167079485027,0.0896831963212096,0.07280491520594769,0.0677353896782292,0.08775084089997827,0.062434011023248775,0.10167865420818274,0.05377224455513619,0.06513066272772383,0.052464850717485204,0.06496819928669122,0.06215638665681931,0.048215735690795514,0.07858561527848885,0.0519844752877127,0.09017934707732403,0.1150467403747498,0.07060423569716286,0.12305874514476617,0.11510093198598792,0.1882395370882768,0.19163720848091204,0.11104952608975173,0.1065210467127379,0.09953824963605012,0.08995698617167774,0.12872452893196928,0.11639582376502025,0.10928539837910248,0.19060373712332424,0.13319191437652586,0.10978313296482468,0.07823527629816905,0.0634747827826036,0.07529137786438501,0.07582285219010321,0.05488953112962624,0.11355069324481962,0.07339594026610215,0.06215114931168711,0.09813253741124014,0.055199128944135624,0.05435236117358789,0.07761333108567106,0.0801593353608786,0.09805973131090684,0.1152212601074306,0.07659381566477155,0.10020714244511664,0.08415832580726247,0.1067769552136363,0.11110289192895081,0.09171535996791634,0.08959795677008207,0.10968791294466376,0.11173853178911013,0.07366783338666233,0.09533361777434796,0.09857957610690901,0.10987747447369713,0.10819363778660997,0.08804002439969025,0.08612810975460441
冠心病史,0.29690350287276884,0.025512890700427292,0.08521204920913832,0.023076341497727398,0.0501604916554858,0.1034259605852261,0.3663229310066466,1.0,0.044237395520383055,0.05485892652838515,0.11503925371344557,0.061305956882069336,0.16651547654927876,0.0032780934336923786,0.08217705772446697,0.007430455936807336,0.04529800368074072,0.045610055534388905,0.06623551151042865,0.06623551151042865,0.08816885194543128,0.08140774819549883,0.12120496192134751,0.09820194500912471,0.16601919131924825,0.07289240655406189,0.06291849346735083,0.08460104111888941,0.06725799479901916,0.11150740866406246,0.06868258321609245,0.08095694226103077,0.10339454155389058,0.05851952353192567,0.0646488057644273,0.07484224176783322,0.05507260091661528,0.04734311690080535,0.04424887200774332,0.09979391270134333,0.03545263713198836,0.19748813424237466,0.061186000434867834,0.06180074207800201,0.09792445259283031,0.11185324826492485,0.0966427942988522,0.0911096363093719,0.09237737161140987,0.11338793846634523,0.08193102306063693,0.0982633951811727,0.1428418644772367,0.07751532867830355,0.07939616232008946,0.08217154719926072,0.08799593960046133,0.09743347852776692,0.073012936067225,0.11746467851770667,0.055659649285329155,0.1558472082292362,0.13682122540040473,0.049205792602631006,0.10326841021825502,0.11050984305885025,0.057958483119082235,0.1091050469960797,0.0494068987005543,0.10480437383304518,0.275663809844617,0.11949509980515009,0.0609064217079421,0.06425741461212729,0.09484232758113542,0.0732436507287982,0.0745156282119258,0.07320272539518365,0.07991218920034711,0.08530359208940998,0.06709391295013012,0.07279877670130165,0.04834472984434389,0.07246641197059926,0.059570866308419484,0.06882081289352307,0.07266145854229601,0.08755363444380884,0.08919551134028168,0.07427411686258158,0.056067654867977636,0.14480572720478974,0.08550590115988473,0.10189530314055537,0.14741369063350232,0.06730571862252703,0.050330734207438464,0.07095457423455408,0.09137797599555376,0.13926654392080637,0.06784343944081597,0.10724316658126457,0.05748031982893872,0.153011265549056
吸烟史,0.1317339042418631,0.30848176636535357,0.03696124374221136,0.038640580200399004,0.03779644730092232,0.033883707378587695,0.030556616567611723,0.044237395520383055,1.0,0.5922879960201206,0.10455639566349273,0.1392689672008545,0.1875184231251699,0.07410231536301404,0.027118799878641332,0.07698522025643068,0.03864058020039632,0.01305100511292802,0.0305566165676096,0.0305566165676096,0.14923651721257847,0.11853644768263993,0.07860912983978662,0.08145699002469274,0.06024037400013699,0.11769681299950256,0.10471431758259704,0.10262965661167643,0.07808178781918233,0.05803187264355296,0.11089935886684102,0.13631140459932983,0.0628051304940663,0.0620936944183069,0.1250797276311413,0.06736799105443071,0.06951493032920321,0.17746709193313948,0.08762563700004858,0.10243209659776653,0.05799868117977429,0.08246643602749178,0.09546253346359988,0.15544884948305096,0.11246688513392937,0.054647358268011384,0.11329692024358502,0.10721688771820566,0.06312196784242623,0.06543513679661195,0.10810348077373923,0.05617057852193668,0.1503107552124225,0.12616959295908062,0.18562556187491372,0.10843220455906676,0.04060803401682051,0.09929730395347902,0.1063157678676878,0.1206830067500448,0.07324818590214006,0.0704916904631316,0.0703933583838517,0.08745587419623817,0.08755166068022527,0.09012297150200702,0.09625294577909106,0.098511046499825,0.08536026552469189,0.09015165613062837,0.09376154651621726,0.10810323066687898,0.08796141995450495,0.07971108693191806,0.08153355361594207,0.10302105659671557,0.04830406179376979,0.0778430474304852,0.09871691983002684,0.05133877551345957,0.04444441937799753,0.12102540923236724,0.0787728840268154,0.09488390700852438,0.1016557918296448,0.08653033747826425,0.1207960178896646,0.08984003425109309,0.0642209155464124,0.10702174136205686,0.07310079167043176,0.10014716333344832,0.10180434935823171,0.07072817042071004,0.09078859548181946,0.06639934290166498,0.08431098696479988,0.0772126653913541,0.1026858152110238,0.10127492383556913,0.061196820439284635,0.08031480275420656,0.07237846321446785,0.08690933050093487
饮酒史,0.18342666462977616,0.2658729083711158,0.06387708337324818,0.028250340517872254,0.1161293567730711,0.07086834952913455,0.08313914460067333,0.05485892652838515,0.5922879960201206,1.0,0.12567910835858676,0.11384116768482014,0.2368197768997801,0.10561010042951545,0.0574723433800241,0.00932674537408201,0.028250340517872254,0.02004956731699205,0.08313914460067333,0.08313914460067333,0.09889139106693723,0.08449080195011476,0.043685235492618685,0.08665282463684433,0.0779924630209631,0.09149491248112514,0.043853802636778946,0.0917533397056155,0.07628349951383873,0.05478321815781609,0.08621072121789677,0.09876306929147469,0.09617616761276908,0.036092145745472634,0.11282673289891246,0.05769067477149801,0.05483009096947683,0.0640526772230538,0.07885617780766871,0.0745668204345735,0.08965429531324666,0.06410759267540915,0.13954974761987288,0.1041430584910954,0.07647959600977311,0.07231147285640155,0.09844317330640967,0.07970331653219682,0.09357666930718496,0.0589228899008604,0.09138533628112078,0.07310518590912056,0.1242329918257057,0.09961276873133385,0.13471141281677004,0.09182842357974148,0.05909021509479993,0.06302413579902465,0.10512928226753897,0.11961448041243299,0.06918232032456195,0.11894374021451964,0.10266686571532298,0.06890638012894672,0.0918016769625396,0.08787869158458143,0.09338456836818956,0.11818341092847143,0.07531458151469167,0.08877029936746346,0.1613160736188968,0.10296937889858916,0.055957152056093966,0.09702058457725486,0.07056353460676115,0.09475715426676262,0.0644160307706164,0.08078550720784508,0.06721507760490296,0.07612513378535005,0.08159862494201102,0.07701432931694754,0.08320236141643031,0.08559776602775167,0.08804956824035873,0.10971820679169937,0.0770695334439146,0.0616839747412287,0.10975110516305409,0.06672426811259145,0.05907684974879294,0.12069454329201897,0.0740532278547598,0.09702841307270128,0.1262565737513329,0.09783474516456372,0.11333468091466208,0.05353458131587257,0.13217864653830722,0.12499414432916219,0.10027083518618536,0.0698967850594401,0.05917905393892818,0.12416208711648645
发病到首次影像检查时间间隔,0.11285597162895823,0.08676093993357553,0.1803779917869701,0.1071267737191427,0.061608313410361666,0.07891867440329722,0.07899846349295483,0.11503925371344557,0.10455639566349273,0.12567910835858676,1.0,0.21119472599941855,0.20148279932160534,0.07875617593947203,0.14503646467981757,0.08671773221545405,0.12124239750021087,0.1637853570922358,0.14114480861442988,0.1683633943287506,0.12011480976777365,0.10736747875455906,0.13362994167247172,0.08861011589926572,0.11395095525630297,0.08265207724886692,0.12982487372543405,0.10837496487906112,0.10348118501331134,0.08858818232678559,0.11747487593426392,0.15247535230204706,0.09416372204307032,0.13330682353930706,0.09327481091451607,0.08997489233101533,0.07828642883920138,0.09579327667472684,0.09009343809525167,0.06742716401782392,0.11838481565066913,0.09920404049821842,0.1523636012558021,0.13743601079593357,0.14131934251457176,0.09136025139357082,0.11425051958466689,0.10955410382290724,0.11653867613163163,0.115832327537263,0.15238867833268457,0.10786765486301726,0.10721332501327277,0.13903189933339877,0.16043324265994174,0.15159772558684675,0.14744622097845067,0.12610587559591568,0.161682649715736,0.13078064391307498,0.12812930770556186,0.1286780610745179,0.1321074266783759,0.13208002235372024,0.14601056728661768,0.14546073773913196,0.133856051055266,0.14354258354180902,0.13384540612662457,0.1424628944952628,0.12106795207214036,0.12740109724947293,0.13248965484098538,0.1042480839016945,0.1611526899758714,0.11373291900350187,0.14303178244306874,0.10965558029030463,0.11911235174460827,0.15680703568301108,0.13650522334967202,0.12728419361004403,0.14507160688870088,0.12262874229785758,0.12891006883445638,0.11978582916467616,0.12723967737196057,0.12887540408196488,0.1594685228512016,0.14425732950701467,0.1183716270373893,0.16301195019214448,0.15032681538783146,0.10869347584249885,0.16785752639012155,0.15180130734954647,0.1469328697430134,0.16001320535139418,0.15031017513838654,0.16480354198543287,0.1539159004696268,0.13645397239111057,0.12244374242952469,0.16826139757738373
血压高压,0.1479272451604896,0.06688246990576693,0.18256561747023434,0.2977925622301129,0.19169972506870792,0.14760514021659626,0.05038273613802662,0.061305956882069336,0.1392689672008545,0.11384116768482014,0.21119472599941855,1.0,0.5972097254160963,0.08247269261259296,0.16930014475378866,0.19837963710029255,0.20772710058770308,0.12038525997102141,0.0915295459348234,0.09117106361105856,0.23004071276180862,0.1410566712409106,0.14959712600621536,0.23223112874602908,0.15036771588008174,0.16492374577161817,0.09846153239558825,0.1325907454623656,0.10987217298794226,0.09744185410837754,0.1934079222277902,0.2000665364131719,0.16679075142878333,0.14514068376281988,0.16065288200147448,0.1405434009299783,0.1599678627743568,0.11508732761618062,0.15604962425898045,0.14302274585976021,0.13600634296730865,0.1427701362217502,0.12673333453713492,0.11830872555319467,0.21777860104970295,0.20213289102736376,0.2055580778022731,0.2231125373401143,0.16916329328789254,0.18802481327155096,0.19700869848998873,0.22466571490385084,0.2056474907057464,0.21254716738804236,0.1844528920971688,0.19932906263326336,0.20215559190551838,0.22120237875993504,0.22412889891713314,0.1415976595034047,0.16623894277959467,0.18373640572547115,0.18566826644470832,0.14687935528512833,0.21339693658771788,0.20970417570947214,0.1594982456688474,0.13179399366382755,0.15039096957317397,0.2158229601954665,0.17648729662161752,0.13501214524142535,0.1449240622229464,0.1633234311065076,0.15231774253220706,0.21629887607832549,0.20000654084308164,0.16886479366506957,0.20937686689927756,0.20078260434505749,0.1816687046883732,0.23147742976698435,0.1788307387223422,0.11921652886073299,0.20772842180716292,0.291684972243011,0.23144033045497187,0.22320076178158016,0.17358620656502785,0.19493667277558202,0.15852961946792507,0.13355989621140668,0.11537871130455496,0.12702396500704594,0.13616264812688558,0.181510603039319,0.16681601343245145,0.23837402815158623,0.12175037865893812,0.13041266642426116,0.17840401263934189,0.1441996552310874,0.15488629271156623,0.1392111499346443
血压低压,0.48091046536326665,0.15085941470488648,0.1321016772093428,0.20974426660370146,0.12530114025766498,0.05877727828976009,0.11573545516056466,0.16651547654927876,0.1875184231251699,0.2368197768997801,0.20148279932160534,0.5972097254160963,1.0,0.07612563438614374,0.22492854419517608,0.17512772907733665,0.11353815304722159,0.07022983712559847,0.06108844937009964,0.09621437970480692,0.16309177900178415,0.0949406050121491,0.1584171383158,0.2040435010135006,0.10124417428899667,0.12181175030681061,0.1740591574866157,0.07225164172795359,0.10211086838870934,0.07091641384857819,0.134054668042862,0.15699856386339492,0.11061480185705952,0.11742441936743991,0.13010097640364682,0.1052663035979541,0.11400047845314656,0.14333795624063228,0.07763674352770428,0.10161321466844861,0.1212526332306191,0.11145383648514624,0.12829580529496742,0.12944950978751255,0.17061371370408485,0.1445363668214725,0.17813600113354688,0.14116082201733682,0.1528777412409143,0.14720789406537235,0.14233913061058634,0.1778829077738676,0.14105402935824463,0.15171024095334315,0.14683021472683008,0.1439903926013182,0.1466442597653013,0.21016834896522618,0.15914880692319602,0.15727724157761946,0.2507591256660537,0.14005886359372308,0.22414205134893161,0.2474362246025396,0.18050335516105462,0.1808978281128221,0.12121797002660903,0.16993388730305128,0.2451472423438151,0.18594434250768155,0.12498047269627,0.14810107746321266,0.2435274065438645,0.11051375862924796,0.16692012926714722,0.1700993110760554,0.15105250749485677,0.1545149474535864,0.16115121394788018,0.25268760507728605,0.21368678250221743,0.15465583499208893,0.1772222762072188,0.15504226482920258,0.16062445324308244,0.21425500982419385,0.15454052353520525,0.26864182913588347,0.18934268817123998,0.17416726915540107,0.11783540048642115,0.1238423890104277,0.14096106702002245,0.15710362439311065,0.12275882005813979,0.2159177785795683,0.19358747495291556,0.22006921129256574,0.12058921035456471,0.12303015502718392,0.21003688073707158,0.09175777748537764,0.11055162757564825,0.12187368559308001
脑室引流,0.15360534409832266,0.13284847053787271,0.04308273628219472,0.09974025001705085,0.02427363689828679,0.14814080902032528,0.058117444957868324,0.0032780934336923786,0.07410231536301404,0.10561010042951545,0.07875617593947203,0.08247269261259296,0.07612563438614374,1.0,0.1410045379046385,0.05670208626886384,0.09974025001704956,0.09896755896046146,0.058117444957868324,0.058117444957868324,0.30165511359370956,0.1840674409301868,0.07661845340789145,0.09643046274665303,0.20818338033729683,0.27319261192886624,0.11892573363564082,0.035039374889750285,0.12204756485421268,0.18017707965985075,0.37963484646847245,0.2877821145988425,0.18093544761941005,0.06060034624860141,0.1122981425402186,0.06446121070396173,0.4154992752352566,0.07588331506530048,0.07504964063649482,0.051477470057516024,0.09027957823022624,0.35743283501414536,0.1238783210372583,0.10520213847009117,0.2043854705944506,0.2542792749770404,0.21033212879418084,0.22051666393310768,0.20724495770719886,0.19628417467920098,0.24118415857614836,0.17890758489588293,0.16645152937347935,0.2518209537052284,0.08104488101095231,0.24209816510183774,0.13844851826636687,0.14887966127089566,0.1618006632272851,0.07195585036961044,0.06049325911603308,0.08901474889134776,0.1387426110402166,0.062447881204607335,0.14693126164738793,0.14935758055320777,0.13675196723697344,0.08107749556172134,0.06267016407515484,0.14754001352212529,0.0918647874896742,0.06026910089335764,0.06187546819973065,0.10740191513142112,0.13985712312142898,0.19992349464082257,0.2449318442978873,0.2150972759710653,0.19482065467411813,0.24277187679195297,0.21383993807129095,0.26912171891879705,0.23396698256709372,0.1657158433491644,0.27133969679242753,0.15297262183206822,0.26920839737129654,0.14387531778312626,0.11319139115777442,0.2026440477321534,0.23718381336644415,0.10793006048081213,0.1809090658630099,0.18571189289994944,0.10017571289124284,0.15161267196425646,0.15242211155369614,0.13780584378231395,0.21070530591278946,0.10402336724431208,0.14709034439655005,0.09250426347313082,0.24378866587678838,0.10015899587976762
止血治疗,0.18801280057651434,0.1343960708268081,0.12819322602112893,0.007597174671947872,0.14042421779540307,0.03537709096253014,0.05676312572207664,0.08217705772446697,0.027118799878641332,0.0574723433800241,0.14503646467981757,0.16930014475378866,0.22492854419517608,0.1410045379046385,1.0,0.31961505276932345,0.09142806760389206,0.15696688876943699,0.009529575851153625,0.009529575851153625,0.18475030505149181,0.052532536038473424,0.04906962525999449,0.06353655701772555,0.06449455681498746,0.04686207180301158,0.06836426304911418,0.03261309205082809,0.05319659220732375,0.0716200908323064,0.06632952358533895,0.13160144174830601,0.11273809941256666,0.06299753338944321,0.05520971040066832,0.08129349094211505,0.06288953782176827,0.051063869021129825,0.03364917127677019,0.051243721163769566,0.06769733932678791,0.14495891062311544,0.07604158937771056,0.09903412533182251,0.16419673793763812,0.14061684777952646,0.1239113126485618,0.16602433016059726,0.12834783929428945,0.09203960766022737,0.12275299307790746,0.1752784059143186,0.15128084076326556,0.12375939348177951,0.10880635521578205,0.12314133675156852,0.15143661231444003,0.16280265951483816,0.12609257650486497,0.10485765255197745,0.042677255403408255,0.1250366652381293,0.09754335062081708,0.04222698019262446,0.16305761497804294,0.16695019049637358,0.08917718155064752,0.04832552584175543,0.04397578264121171,0.16420167894731044,0.13768442163580163,0.09660441812856384,0.041910296496614804,0.06082200888008187,0.10287255899227232,0.1704789591720126,0.15385944072185725,0.12762131778194694,0.15446269787769984,0.11871014607855565,0.13477537787794175,0.17908297821287802,0.2034141396455369,0.10501671827864628,0.19353601140116963,0.13035368689086443,0.17915767813927416,0.1417344613462247,0.14331564623848866,0.16769461385697604,0.07228164708293425,0.09121492608720592,0.13136494298033582,0.10567142896256258,0.0920960240532843,0.1531709804267598,0.14550719512785457,0.15586657269723572,0.09999868678927941,0.09430115598840859,0.1519372347753082,0.09106911620333137,0.07752444407445622,0.09658490673716329
降颅压治疗,0.18552382164193454,0.03078861678665129,0.13252679158075575,0.009735557162909504,0.2497109838573863,0.19540371024829967,0.0735662093383195,0.007430455936807336,0.07698522025643068,0.00932674537408201,0.08671773221545405,0.19837963710029255,0.17512772907733665,0.05670208626886384,0.31961505276932345,1.0,0.293148443461733,0.12641386840086344,0.005132526232909979,0.005132526232909979,0.3478980435631438,0.09351688232845828,0.07784258940714309,0.23714570423254447,0.052842090183975905,0.1449746411559443,0.13342154241348603,0.041529906270502764,0.06479309381960006,0.08026297501178695,0.13660178509856846,0.25428674097626164,0.13801974050375856,0.04391783096892603,0.09420769138927787,0.08738583071160173,0.10953309038424436,0.14500817825998247,0.03762388809952336,0.03806397503755065,0.07461733571628111,0.10157914786142211,0.06563990853884605,0.09161539692447997,0.2054806763003566,0.1902972462737957,0.2560880131510652,0.25508116551435245,0.17670481913903316,0.17268335686164557,0.2565024997362151,0.19350945697983624,0.14209539937371995,0.26369883189382193,0.2332703399165232,0.2573164317758108,0.10558712632795178,0.10590961029093768,0.23631889794115232,0.17357351000023122,0.13010307543461522,0.08860474094191234,0.13428197064921732,0.13504706008293577,0.11735414707114024,0.12195547406739608,0.06525736225650652,0.11091628141843196,0.13979118854652656,0.1179586531204863,0.11839206862078028,0.14286494578051273,0.1333536342496743,0.07779963836287089,0.1483511116194286,0.32133737804005036,0.275228603544099,0.2864435849570701,0.3159210160275138,0.20592571351523067,0.21863624966914594,0.3565300042244956,0.3248601667567042,0.1943539176027002,0.3527136169878085,0.3425093314860863,0.35638997041400106,0.14262827017805146,0.10072758463218758,0.33663702626249287,0.14071640506554892,0.047143280320912945,0.14262125573290194,0.13298215211367231,0.052348350493083715,0.1344009031992078,0.13753795396357515,0.0863054489671121,0.1172539702746678,0.04623702698379284,0.1298670553128622,0.18658503651263997,0.1372803813793177,0.06523499051926557
降压治疗,0.06756825138818637,0.0023321571717604935,0.062153247263458083,0.22359089212392744,0.08616812254005936,0.10932539038948925,0.07851823864336799,0.04529800368074072,0.03864058020039632,0.028250340517872254,0.12124239750021087,0.20772710058770308,0.11353815304722159,0.09974025001704956,0.09142806760389206,0.293148443461733,1.0,0.2513927572661671,0.07851823864336799,0.20485585570863898,0.14577902336995563,0.1442599548020833,0.06280246672178251,0.11204582952039152,0.051133472801266316,0.0641214661913525,0.0732643944352655,0.07360277645740208,0.08058857774396004,0.11644340866320876,0.08141909583886779,0.10501919654244889,0.1289327723190396,0.05622011109336847,0.11565891703264349,0.0494126465122471,0.06528527557005236,0.08044300046217549,0.05318148565918932,0.05679856860869032,0.0971236438035421,0.060544467768066,0.10624675879990123,0.1439939332157077,0.14130902003861037,0.06857774090650152,0.07855984857690938,0.09588885280212894,0.13910618794376836,0.0986909420042928,0.11506010235737534,0.13397240638914468,0.1549048067547995,0.13422693563681462,0.06980405153494947,0.11610760729696233,0.16459188348168832,0.09406786466599158,0.07892513083259203,0.07631250989077522,0.147878274726107,0.11289983934714466,0.050917667031789564,0.14354540785468703,0.14628195118418644,0.14181125327032776,0.1292403183838213,0.10234214425398337,0.15115502819398471,0.13770309973512376,0.06986630789184545,0.0643860328323575,0.12358169106809104,0.16251573743803543,0.0590542039835707,0.1624050953450086,0.16386155540766936,0.18782055321312205,0.15576438165638143,0.1359916652145791,0.168782442036243,0.1735703588450871,0.13275687835407718,0.20919672483294877,0.19558523819803225,0.07190465883385795,0.17374144121855206,0.07980353157670105,0.14531253021885177,0.14267653186942042,0.13793785823298657,0.193226668817523,0.1961169205756085,0.09591061920287544,0.18164581684372447,0.12461999575487155,0.11392947796129704,0.09743944700237178,0.0964552513405853,0.19236071458490958,0.12730312063297292,0.06422384593222653,0.12109590125320599,0.17479764026284783
镇静、镇痛治疗,0.0956442568271516,0.023280765897403605,0.0393294050086989,0.09001726614245016,0.014798448809232326,0.11541849038133262,0.032302359283649246,0.045610055534388905,0.01305100511292802,0.02004956731699205,0.1637853570922358,0.12038525997102141,0.07022983712559847,0.09896755896046146,0.15696688876943699,0.12641386840086344,0.2513927572661671,1.0,0.2875308770804007,0.15991661818202596,0.07462029373379928,0.11535745639394993,0.059945607073931234,0.09483611203972575,0.1751409511020538,0.15441567297764425,0.09601019272043781,0.1136231211630724,0.07470061145055829,0.20059496412824,0.13185214760141484,0.07776455531542475,0.101794957490907,0.04755519339281385,0.07424426858903803,0.07640602735085514,0.13230212292535443,0.07610615389203407,0.07705248153797199,0.07449616236997492,0.08247902744967676,0.10549929408482006,0.08329527496629267,0.06464077758785705,0.07519450403066612,0.08491954634534128,0.07070141476013582,0.08391667471384226,0.08177704784768774,0.07101771677648673,0.10376920637943196,0.07274378011501667,0.10353195377260545,0.08241026552480805,0.1664073534142392,0.10236274515698426,0.08022485907176588,0.1345143365088338,0.07277951459071519,0.109348197396931,0.15472576734249946,0.09348731386313568,0.08941713076831154,0.1638057224621122,0.11451307203727133,0.12095729804131115,0.04637196668117429,0.08886898296060075,0.15854379311626357,0.11951637831277007,0.13648131773777172,0.10118788340234687,0.15965094746952257,0.1332800885836801,0.08410543912817703,0.13002546482451854,0.10626080869481797,0.10874244190056831,0.07954274855662816,0.11777911100802482,0.16296107073122476,0.0761047918633377,0.08928353606577408,0.20749831336905517,0.09685387520454378,0.09356049314587295,0.07630510479722476,0.09002726495729665,0.0727080606227857,0.08069406445335754,0.12831529481459703,0.09232918933745625,0.10884556198105551,0.15059117863190827,0.08715423960713785,0.06347429934184567,0.06217621801004262,0.08855955975346849,0.14557268149685482,0.09536469917812758,0.06256429562687994,0.11410866042092319,0.11212320552237201,0.07829843029310708
