,0,1,2,3,4,5,6
0,0.12038994002543871,0.18302769874491517,0.21247447886216056,0.18220240882153724,0.12376971733982689,0.13530780803476314,0.042827948171358474
1,0.10985146751746747,0.18728245497503515,0.20471826904054136,0.194360882461803,0.11540637203261266,0.14030711220105455,0.048073441771485946
2,0.0975806274509755,0.18285653865183632,0.21269637310686615,0.18976332905718185,0.10754502343011074,0.1570603463089449,0.05249776199408461
3,0.09351991795459118,0.2007868354948119,0.16816919166381603,0.21520981795176325,0.13268639611431657,0.13922642509869448,0.05040141572200664
4,0.0926245919399794,0.1907548848541358,0.2002137597356976,0.1942147026858321,0.10716957346856977,0.16398728043128685,0.05103520688449851
5,0.10049790712682227,0.171123852244198,0.2122601304623001,0.18643056926438345,0.12217557569575002,0.15582958231557742,0.051682382890968694
6,0.08584842123094064,0.17914029281344518,0.19987618141208646,0.19452163543876888,0.14323619618252237,0.14223712139282293,0.05514015152941352
7,0.11188170589367592,0.21794644731776036,0.16555442731940959,0.20321071780215821,0.11972688762036503,0.1326117928140781,0.04906802123255266
8,0.10056498255216169,0.1952504999360295,0.20169406944034898,0.1897706028690918,0.10802650041350495,0.15638609352292346,0.048307251265939606
9,0.10096985565496439,0.21683645730344478,0.186630717521704,0.19617556666213326,0.12580484765026792,0.12391314784465546,0.04966940736283003
10,0.09239399803427328,0.17195784780416581,0.1905703932611829,0.18250551677767707,0.11262943804685803,0.19580989248269037,0.054132913593152455
11,0.08794322008487536,0.18657181650523738,0.1998254545360431,0.18285964498800994,0.13720819863479294,0.14925360029467893,0.05633806495636232
12,0.10578895721183232,0.1796002109826288,0.21771204043785392,0.16578857127403163,0.12843529798951936,0.15593346149238285,0.04674146061175127
13,0.11022146231090749,0.15077739839748402,0.21056495834419614,0.1694909378701554,0.12572115073455684,0.17359902505312855,0.05962506728957152
14,0.09730179775324083,0.17272764951210637,0.19050516864718603,0.18129947655736184,0.11607597231292721,0.1889592614778799,0.053130673739297675
15,0.0920682006505271,0.18621040603130867,0.1975779581965371,0.19793765015799683,0.11370570869246974,0.16345819962939473,0.049041876641765944
16,0.09252416719799149,0.22250997235089692,0.17600688713866214,0.2238002069021337,0.1168077456351759,0.12055568859037917,0.04779533218476075
17,0.10692340000626446,0.16894046392244416,0.19693567925239877,0.1895872479135579,0.13263965502890632,0.1579214502517097,0.04705210362471868
18,0.09761138878201095,0.19486289214440097,0.19633084084391778,0.2124545615047338,0.11344205303554156,0.13261147279630817,0.05268679089308663
19,0.10048852310435974,0.20694521250090978,0.20896408418304016,0.17427110937580034,0.12404766589214837,0.13751343010539915,0.047769974838342305
20,0.10166588458597456,0.18073006877965242,0.21186397241119237,0.1978192737101669,0.1077107544915149,0.14766691317349195,0.05254313284800678
21,0.08622172085558447,0.20429764922607604,0.19699888211007682,0.2118984150002931,0.12340159116741592,0.12099419257478779,0.05618754906576573
22,0.10858107256754095,0.21187759309504312,0.1637766601268183,0.20001725913856244,0.12697638966584698,0.1439967021163615,0.04477432328982674
23,0.1075219104089161,0.1856419459058838,0.2060527210178297,0.20075540300090652,0.11122814231972038,0.13757586173561395,0.0512240156111294
24,0.10238330804608417,0.18989106907735076,0.19911830043955106,0.19920099308990222,0.12330287040915093,0.14171459380830861,0.044388865129652136
25,0.09906811399440806,0.1870145683898416,0.2122344277956203,0.21334574147547966,0.12269581432878611,0.11679327446623915,0.048848059549625025
26,0.0915177533451961,0.20175969539460184,0.22065021405331536,0.18740867819981027,0.11972178498850787,0.12927826901327738,0.04966360500529131
27,0.11078266284854107,0.19822151390246404,0.19342185847608923,0.20583030372044725,0.12677951815085708,0.11315903309235593,0.05180510980924539
28,0.1110682180566159,0.16422993421526758,0.17285467430182613,0.19012993606114947,0.13462601435379323,0.18074929172302215,0.0463419312883254
29,0.09266761695212423,0.16995094278527603,0.1969416973533355,0.18581354603785505,0.11561951998826599,0.18905038497533963,0.04995629190780343
30,0.11792142464154834,0.15084440810256095,0.2018171234468499,0.17176419892217923,0.12964118767816254,0.16938412206712725,0.05862753514157169
31,0.08556126514891674,0.1696145759794399,0.19665970203384414,0.17765356888414754,0.11420890968714119,0.20217673608606956,0.054125242180441
32,0.09309122588971888,0.19305831535285486,0.16938304681500985,0.2272148111328797,0.12947328044426792,0.13306627402316126,0.054713046342107365
33,0.10322824598991318,0.20421494211044716,0.18673277051148057,0.20889997369843477,0.12392352435565834,0.13005628306652145,0.04294426026754456
34,0.10360153044825511,0.1653280675845728,0.20391693604391486,0.17358270982823382,0.11080111767321635,0.1931861433469188,0.049583495074888316
35,0.10000750314249338,0.20839937537898798,0.18045070439337169,0.21110497514928334,0.1112856784269842,0.13857841264255108,0.05017335086632829
36,0.10526262964818653,0.21408448870214633,0.16788529558304782,0.20943945211413695,0.11127271550436062,0.14504754943581866,0.04700786901230303
37,0.08069191826446284,0.19804500282799783,0.20970315247451868,0.20515173544537757,0.10979711836023578,0.14565250169059998,0.05095857093680726
38,0.11263056763105923,0.18897432732764813,0.2042045816113632,0.1899368554380823,0.13310941454183617,0.12832950670670623,0.04281474674330473
39,0.10566834959745701,0.18885109840382475,0.19838284347360807,0.20350233099928308,0.11042428150105758,0.14730805503847116,0.045863040986298266
40,0.09302636633371876,0.19926907074737804,0.18806736868002544,0.21013476037454953,0.1281044594997102,0.12772947596297488,0.053668498401643075
41,0.12988427886282344,0.17376352236721432,0.18789418274973915,0.18052854931704806,0.14791483975851322,0.1343494933252283,0.04566513361943348
42,0.08287654041134215,0.18599522414264075,0.21667014528650372,0.19476839786143427,0.11701957041968387,0.15278089307114465,0.049889228807250594
43,0.10956668546539346,0.170099592712574,0.19743990203683498,0.17452251896302745,0.11424471653792326,0.18513145850410542,0.04899512578014139
44,0.1058606616846635,0.20178121960501244,0.193069274956874,0.1982686579076258,0.11399077080657896,0.13953631765427807,0.04749309738496717
45,0.08182436389783385,0.18714519419281836,0.19910293252906416,0.1902633395270698,0.10836355089968372,0.18099902177858915,0.052301597174940984
46,0.10910210839210151,0.17243302182967543,0.2154963826336566,0.19492722971625215,0.12684222606027568,0.13314239160708308,0.04805663976095545
47,0.09256785805752328,0.1862470674801225,0.22572149773778188,0.1873645782194716,0.11877693987056206,0.13426328692162476,0.055058771712913866
48,0.09674345636888138,0.19400167006570673,0.20596338557444382,0.18252306977518057,0.12181451794813633,0.15570067407774232,0.0432532261899088
49,0.10078606280241476,0.21645743391042718,0.17676521758056382,0.20423824941843569,0.11367068934816726,0.1389537780111064,0.04912856892888486
50,0.09628064564161848,0.1710442578418319,0.2074037349622137,0.18503527109555293,0.11757222303680752,0.17585545819197837,0.0468084092299971
51,0.10839602709406129,0.16381812887380423,0.19467796073721824,0.17727351866191107,0.11453561691498224,0.19196483009294438,0.04933391762507855
52,0.10115877606670517,0.15918155211659182,0.1969607858574075,0.17556188579458548,0.1206962382783564,0.19644730706680505,0.04999345481954855
53,0.09809731326506176,0.1990855445450415,0.2071191336063926,0.1943633538997232,0.1293251529083141,0.11804321603248016,0.053966285742986585
54,0.0935938021164946,0.16983144454420013,0.23515648806767714,0.1798678099236421,0.11973599061068677,0.14506357116379065,0.056750893573508564
55,0.11156804000850204,0.1723041836555262,0.1853177838652303,0.18537332572924145,0.12100672302176978,0.17627742788228515,0.04815251583744514
56,0.0927079948533077,0.19550830380195838,0.20840351208236116,0.196308344338684,0.11232825493638583,0.14652436688122655,0.0482192231060764
57,0.10646129371225248,0.19890764080251636,0.20768084216983157,0.18782470730483095,0.13233601824713645,0.11175027266169742,0.055039225101734736
58,0.10490815078519182,0.1689944868415713,0.20964130350140153,0.19258794922870187,0.12379071716962944,0.1443807237399788,0.05569666873352515
59,0.11425205566444133,0.19149298261269715,0.19309133443308937,0.17327059773457382,0.1291591291938681,0.15017363580300144,0.04856026455832886
